0 6193 1803
1 2949 374
2 47755 44899
3 40156 37721
4 42667 40673
5 28454 26794
6 28202 26611
7 28352 26583
8 28715 26849
9 37203 34884
10 42510 39548
11 41707 39674
12 43538 40558
13 30712 28151
14 39588 35532
15 40240 37180
16 55375 51970
17 34575 31002
18 67659 63106
19 76866 70336
20 42443 37055
21 39675 32861
22 53967 50190
23 37904 33494
24 35372 31349
25 73980 66609
26 43335 37493
27 47327 43074
28 44642 39463
29 54326 49386
30 39303 34414
31 41530 35773
32 39902 34076
33 36013 31062
34 30900 29126
35 68738 63508
36 47588 42006
37 48045 41217
38 43365 37835
39 42641 37852
40 36778 32460
41 38971 36059
42 34799 31929
43 36724 34206
44 38470 32828
45 32501 30277
46 34124 32286
47 33862 31215
48 37494 31104
49 37128 31837
50 40332 33705
51 36004 30729
52 35914 30931
53 37321 31805
54 36373 31424
55 35703 30480
56 35677 30574
57 33263 27685
58 41880 36619
59 37298 32176
60 31680 27275
61 31179 26826
62 32454 26856
63 33656 29352
64 44418 37519
65 36743 31887
66 31120 27127
67 31208 27417
68 32680 28569
69 31566 27816
70 33558 29345
71 31811 27422
72 31021 27089
73 31698 27490
74 34227 29134
75 44944 40188
76 43738 38171
77 32418 28190
78 32682 28237
79 41933 36050
80 44492 38532
81 56368 49503
82 46335 40585
83 81588 73882
84 53406 47130
85 33058 28847
86 84636 79189
87 35201 30217
88 35932 31567
89 33039 28818
90 34034 29097
91 46237 39554
92 42640 37628
93 34769 29127
94 41005 29967
95 40284 30223
96 41641 31362
97 40684 30741
98 41046 30628
99 73132 61722
100 42182 31781
