0 2508 1234 1274
1 631 135 496
2 18934 18552 382
3 20260 19878 382
4 17904 17468 436
5 17934 17489 445
6 17989 17468 521
7 17619 17202 417
8 18111 17660 451
9 18357 17736 621
10 17804 17378 426
11 17780 17400 380
12 18195 17752 443
13 24672 24149 523
14 17931 17461 470
15 17957 17530 427
16 18133 17693 440
17 18250 17835 415
18 17976 17519 457
19 17920 17537 383
20 18259 17754 505
21 27466 17384 10082
22 19953 19367 586
23 27012 26379 633
24 18023 17623 400
25 28330 27256 1074
26 21834 20972 862
27 19476 18712 764
28 20837 20161 676
29 18946 18377 569
30 18766 18001 765
31 19613 19004 609
32 18472 17903 569
33 19093 18364 729
34 20228 19528 700
35 19887 19237 650
36 18479 17907 572
37 18189 17678 511
38 18642 18061 581
39 18169 17693 476
40 19094 18426 668
41 18673 17682 991
42 19344 18665 679
43 22329 20669 1660
44 27139 25969 1170
45 23801 22143 1658
46 22153 20463 1690
47 24060 23261 799
48 24170 22809 1361
49 19790 18607 1183
50 18486 17905 581
51 19770 19040 730
52 19600 19021 579
53 19638 19136 502
54 27423 26648 775
55 48510 46728 1782
56 24476 23840 636
57 25719 25138 581
58 25664 25153 511
59 24688 23302 1386
60 24950 24215 735
61 24400 23725 675
62 30579 29639 940
63 23854 23318 536
64 23727 22930 797
65 23971 23103 868
66 24663 23863 800
67 24180 23421 759
68 26063 23666 2397
69 28654 27485 1169
70 25369 24674 695
71 23481 22740 741
72 24498 23356 1142
73 24797 23928 869
74 48669 47831 838
75 23488 22476 1012
76 22839 21942 897
77 22669 21811 858
78 128583 123690 4893
79 27746 25305 2441
80 25965 25421 544
81 21840 21405 435
82 21955 20825 1130
83 23327 22202 1125
84 24518 22097 2421
85 32399 30789 1610
86 23566 22383 1183
87 22761 21838 923
88 21434 20884 550
89 21549 21023 526
90 22341 20780 1561
91 21323 20882 441
92 23205 21647 1558
93 22517 21462 1055
94 26427 24392 2035
95 25081 22983 2098
96 21232 20737 495
97 20472 20082 390
98 20757 20278 479
99 20757 20016 741
100 20729 19901 828
